
 ____________ ____________ ____________
|            |            |            |
|  7   1   4 |  6   5   3 |  2   9   8 |
|            |            |            |
|  5   8   6 |  9   2   1 |  4   7   3 |
|            |            |            |
|  9   2   3 |  7   8   4 |  6   1   5 |
|____________|____________|____________|
|            |            |            |
|  8   5   1 |  2   4   7 |  3   6   9 |
|            |            |            |
|  4   3   7 |  1   9   6 |  5   8   2 |
|            |            |            |
|  6   9   2 |  8   3   5 |  1   4   7 |
|____________|____________|____________|
|            |            |            |
|  2   4   9 |  3   1   8 |  7   5   6 |
|            |            |            |
|  1   7   8 |  5   6   2 |  9   3   4 |
|            |            |            |
|  3   6   5 |  4   7   9 |  8   2   1 |
|____________|____________|____________|